 
INPUT FILE: Lnu_40e51_Mdot_0.7_RPNS_30km.txt
Mdot(r_out)=0.7025296065367376 Msun/s
rho_i = 2.284705428423e+11 g cm^-3
rho_f = 1.070715070151e+07 g cm^-3
v_f   = -1.058551673054e+09 cm s^-1
p_f   = 4.666634587395e+24 erg cm^-3
p_0   = 1.125775534056e+30 erg cm^-3
T_f   = 3.196745855219e+09 K
Ye_0  = 9.849855066535e-02
Ye_f  = 4.642857000000e-01
