 
INPUT FILE: Lnu_44e51_Mdot_0.7_RPNS_30km.txt
Mdot(r_out)=0.7025297116487067 Msun/s
rho_i = 2.233892188084e+11 g cm^-3
rho_f = 1.070715157328e+07 g cm^-3
v_f   = -1.058551745248e+09 cm s^-1
p_f   = 4.666635147994e+24 erg cm^-3
p_0   = 1.116635711499e+30 erg cm^-3
T_f   = 3.196745972949e+09 K
Ye_0  = 1.027670840561e-01
Ye_f  = 4.642857000000e-01
