 
INPUT FILE: Lnu_42e51_Mdot_0.7_RPNS_30km.txt
Mdot(r_out)=0.7025296611902054 Msun/s
rho_i = 2.227296719895e+11 g cm^-3
rho_f = 1.070715114845e+07 g cm^-3
v_f   = -1.058551711219e+09 cm s^-1
p_f   = 4.666634923997e+24 erg cm^-3
p_0   = 1.107099305306e+30 erg cm^-3
T_f   = 3.196745945898e+09 K
Ye_0  = 1.013931868359e-01
Ye_f  = 4.642857000000e-01
